112.74133564585    31.93973829055     -8.8063       
112.75761177082    32.769971909812    -9.22038      
112.75684804234    32.020013773945    -8.38754      
112.81462492848    32.600337274858    -10.8914      
112.79039434609    31.165540656365    -9.37448      
112.79530366105    31.033354256842    -9.67214      
112.83570830291    30.816208629893    -9.31334      
112.84278822411    31.961544480095    -11.7644      
112.76749600669    32.410264012644    -8.8294       
112.89354452491    32.663175625562    -7.69006      
112.86683801926    33.018287581065    -10.9961      
112.80102663185    31.251671440582    -8.97616      
112.76477730057    32.243799128573    -8.94919      
112.89751082688    31.433122375324    -8.81316      
112.90286814084    33.051541774773    -8.68516      
112.84808713267    31.537666033863    -7.7846       
112.87208324302    30.976311876516    -9.40734      
112.94025113569    31.591651445586    -9.08222      
112.92211884961    32.860662843556    -8.79281      
112.90995145073    33.224156370856    -8.197        
112.81530871138    31.763245552977    -11.3113      
113.02543386081    32.746423063864    -9.13488      
112.92099162068    32.350439158562    -9.02029      
112.95745531784    31.858326583672    -11.1732      
112.7703578182     32.034575904418    -11.2762      
112.94195284281    33.247003635787    -9.54494      
112.95299509308    31.076506581933    -8.04209      
112.78617095558    32.993016312512    -9.37241      
113.03081944592    33.013283111089    -7.91423      
112.83282162293    32.760183535656    -9.66537      
113.00981102623    30.928838556874    -11.8737      
112.82155959249    31.48024248044     -8.63632      
112.78483416438    32.649288602938    -9.41012      
113.00088010324    30.941081999609    -11.285       
113.0149858931     31.088276401046    -9.49102      
112.87725342812    33.191450387729    -9.2481       
113.02655252387    31.983671696773    -8.8567       
112.82765922954    31.632479443478    -8.62712      
112.85902062154    31.394222462829    -10.5254      
113.07530286238    31.930738590949    -9.22243      
112.84889252649    31.045576956856    -10.503       
113.05619486817    31.038146035476    -8.24198      
113.07825988092    32.444318377245    -8.31227      
112.87735296214    32.643206506095    -8.94341      
112.90562936764    32.924363826483    -9.52846      
113.12552257785    32.78010929209     -10.1862      
113.10991108772    32.510736212111    -8.85012      
112.88635123926    31.535604312093    -8.91833      
112.9288093561     31.385206951884    -9.74141      
113.12534366862    33.258728933716    -8.15874      
112.98469761469    33.196075318028    -12.4998      
112.80299790088    32.559421352781    -10.0463      
113.1339414887     31.99123730843     -9.49363      
112.89687684431    32.247793260391    -11.8364      
113.11562209332    31.137143933022    -9.15113      
113.14089649752    32.626855534442    -8.17665      
112.91761262069    30.840282698038    -8.64281      
112.95371852496    30.767680315779    -8.13554      
112.91598362014    33.142956520451    -9.2242       
113.17750480622    31.978019967429    -9.4295       
113.15212548252    30.739280265053    -8.51831      
112.90680844534    31.034099890134    -9.02484      
112.79432658383    32.856128095418    -9.11014      
112.80109054404    32.856425296354    -8.72218      
112.96827841056    31.976501576391    -8.45445      
112.80984130685    32.774466159454    -9.70611      
113.0344553506     33.236624875773    -9.14185      
112.83316108094    31.58606759565     -10.2574      
112.99939270203    30.820055719241    -9.80515      
112.92942430195    31.375262853949    -9.97866      
113.1591317261     31.352499399389    -11.3598      
113.1865410831     30.86011267931     -7.99738      
112.97411873585    32.330687271501    -8.75635      
112.83150104784    31.767439639566    -8.5586       
112.82431401343    30.826219619629    -8.44585      
112.87967359177    32.578642757498    -9.38366      
113.02252826917    31.165355069492    -8.68348      
113.18851294349    31.030437402008    -9.74388      
113.21902145339    32.951299256783    -8.70291      
113.00380953463    31.176105517067    -10.1662      
113.02573126978    31.580674232236    -10.8703      
112.98461220162    32.132863029552    -8.6808       
112.90525910167    32.241351375876    -8.68878      
113.25435651684    31.996049795289    -10.9757      
112.87298319314    32.081074657197    -9.38256      
113.06421899093    30.764611412266    -8.94318      
113.03287920604    33.098300233571    -9.25588      
113.25715026888    32.859009782666    -8.79633      
113.01631616503    31.882140649029    -8.29182      
113.30479450962    33.032172338939    -9.18948      
113.14039609477    33.244195049735    -9.17141      
113.03020583974    31.874413996378    -8.49753      
112.88806835898    31.194905816366    -9.46228      
113.03403691093    31.962373267857    -11.257       
113.26961354355    33.202467894023    -12.0335      
112.89187666034    33.147247255525    -10.8098      
112.95071220573    32.528748875112    -10.5645      
113.26265457116    31.476724932547    -9.42206      
113.06160289691    31.219719695533    -11.5382      
113.0569035493     33.189185676495    -7.81128      
