112.74133564585    31.93973829055     -8.8063       
112.75761177082    32.769971909812    -9.22038      
112.75684804234    32.020013773945    -8.38754      
112.81462492848    32.600337274858    -10.8914      
112.79039434609    31.165540656365    -9.37448      
112.79530366105    31.033354256842    -9.67214      
112.83570830291    30.816208629893    -9.31334      
112.84278822411    31.961544480095    -11.7644      
112.76749600669    32.410264012644    -8.8294       
112.89354452491    32.663175625562    -7.69006      
112.86683801926    33.018287581065    -10.9961      
112.80102663185    31.251671440582    -8.97616      
112.76477730057    32.243799128573    -8.94919      
112.89751082688    31.433122375324    -8.81316      
112.90286814084    33.051541774773    -8.68516      
112.84808713267    31.537666033863    -7.7846       
112.87208324302    30.976311876516    -9.40734      
112.94025113569    31.591651445586    -9.08222      
112.92211884961    32.860662843556    -8.79281      
112.90995145073    33.224156370856    -8.197        
