1694.41       2.9967        -8.8063       
640.264       9.06732       -9.22038      
1592.43       18.5999       -8.38754      
855.31        72.3692       -10.8914      
2675.95       66.6731       -9.37448      
2843.71       73.8489       -9.67214      
3119.06       120.92        -9.31334      
1665.67       111.923       -11.7644      
1097.14       24.6351       -8.8294       
774.66        155.769       -7.69006      
323.378       121.861       -10.9961      
2566.52       77.0105       -8.97616      
1308.44       24.0332       -8.94919      
2335.14       178.932       -8.81316      
280.686       159.687       -8.68516      
2203.15       123.879       -7.7846       
2915.2        158.207       -9.40734      
2133.53       222.708       -9.08222      
523.338       183.18        -8.79281      
60.7486       164.518       -8.197        
1917.46       85.1915       -11.3113      
667.33        295.253       -9.13488      
1171.43       190.012       -9.02029      
1795.15       237.025       -11.1732      
1573.82       32.9327       -11.2762      
31.3025       198.132       -9.54494      
2786.9        244.679       -8.04209      
356.287       36.3726       -9.37241      
327.939       296.453       -7.91423      
652.013       89.4682       -9.66537      
2973.59       308.883       -11.8737      
2276.3        96.0119       -8.63632      
793.405       39.8274       -9.41012      
2958.17       298.957       -11.285       
2771.07       311.873       -9.49102      
102.747       130.298       -9.2481       
1635.28       309.375       -8.8567       
2083.15       100.412       -8.62712      
2384.96       137.829       -10.5254      
1701.7        362.766       -9.22243      
2827.54       131.958       -10.503       
2834.09       357.521       -8.24198      
1050.25       356.943       -8.31227      
800.205       138.776       -8.94341      
442.498       164.608       -9.52846      
623.188       401.465       -10.1862      
965.509       389.644       -8.85012      
2205.3        165.296       -8.91833      
2395.5        213.572       -9.74141      
14.2019       392.595       -8.15874      
95.7404       244.35        -12.4998      
907.395       60.527        -10.0463      
1624.12       424.81        -9.49363      
1301.96       165.745       -11.8364      
2707.5        420.385       -9.15113      
817.641       420.673       -8.17665      
3087.4        209.85        -8.64281      
3179.17       250.351       -8.13554      
164.145       172.201       -9.2242       
1640.2        471.935       -9.4295       
3212.23       467.292       -8.51831      
2841.36       195.117       -9.02484      
530.383       47.0139       -9.11014      
529.943       54.2207       -8.72218      
1645.16       246.774       -8.45445      
634.078       64.7366       -9.70611      
43.5011       296.505       -9.14185      
2141.95       107.031       -10.2574      
3111.95       299.319       -9.80515      
2408.11       214.394       -9.97866      
2433.58       463.692       -11.3598      
3058.1        502.592       -7.99738      
1195.84       247.284       -8.75635      
1911.96       102.601       -8.5586       
3106.48       108.354       -8.44585      
882.19        142.241       -9.38366      
2673.13       318.784       -8.68348      
2841.76       501.56        -9.74388      
404.22        497.926       -8.70291      
2659.76       298.278       -10.1662      
2146.27       315.288       -10.8703      
1446.66       261.787       -8.6808       
1310.03       174.84        -8.68878      
1616.08       554.29        -10.9757      
1513.72       142.624       -9.38256      
3181.44       370.941       -8.94318      
219.705       297.194       -9.25588      
520.963       540.342       -8.79633      
1764.16       300.062       -8.29182      
300.03        587.628       -9.18948      
32.5224       408.838       -9.17141      
1773.77       315.158       -8.49753      
2637.48       172.311       -9.46228      
1662.18       317.792       -11.257       
83.8303       546.828       -12.0335      
158.922       146.515       -10.8098      
944.736       219.005       -10.5645      
2274.29       573.435       -9.42206      
2603.56       360.284       -11.5382      
103.672       321.161       -7.81128      
