1694.41       2.9967        -8.8063       
640.264       9.06732       -9.22038      
1592.43       18.5999       -8.38754      
855.31        72.3692       -10.8914      
2675.95       66.6731       -9.37448      
2843.71       73.8489       -9.67214      
3119.06       120.92        -9.31334      
1665.67       111.923       -11.7644      
1097.14       24.6351       -8.8294       
774.66        155.769       -7.69006      
323.378       121.861       -10.9961      
2566.52       77.0105       -8.97616      
1308.44       24.0332       -8.94919      
2335.14       178.932       -8.81316      
280.686       159.687       -8.68516      
2203.15       123.879       -7.7846       
2915.2        158.207       -9.40734      
2133.53       222.708       -9.08222      
523.338       183.18        -8.79281      
60.7486       164.518       -8.197        
